8284
5539
5822
4282
8368
7159
1974
8974
7894
1455
348
2844
340
7782
14
9940
9773
5982
1927
1558
2456
973
324
8186
8963
8053
3638
2391
6261
1170
3072
5962
6489
147
4396
4326
4188
9821
7193
8231
1718
5005
4875
1796
6320
8873
9706
1143
7432
396
4490
2693
3485
5272
3754
300
1603
6688
7580
4817
9
8602
509
6282
1706
9755
6427
427
3530
9058
1804
7213
1979
18
1685
2783
2564
2183
1969
632
4667
1207
6205
6716
7576
3987
4724
1934
883
1519
2619
5431
8777
256
4760
5399
7863
2623
6528
2251
9289
7689
3903
8652
38
6150
7191
2002
3991
7370
1213
6763
59
9446
1531
9173
1511
3960
8102
1675
2372
69
1761
4084
405
2787
4627
3938
9714
8601
6106
8282
1550
7361
7635
2509
6174
6896
2783
7463
9676
8621
7893
9002
3649
5089
9068
8990
5377
5189
9949
8572
3302
6730
6352
517
3950
8137
1224
8137
7077
9039
1227
4286
4630
4403
8233
5026
2592
7503
2566
548
5299
3432
4645
9998
2701
5376
5351
4899
8922
9182
373
235
3282
5229
9651
6132
4415
5314
3320
9492
2725
9997
4663
3673
644
4940
9620
148
270
9758
8164
6906
3825
2653
4466
3595
1349
4663
9678
178
2071
8105
7437
8523
6893
5485
9722
670
9977
3961
215
8578
4256
399
4814
2030
3731
3735
239
8371
5247
807
2676
4217
3827
2680
2133
2852
874
3829
1178
2828
2062
5574
2433
5212
4970
2860
8937
9618
8483
1475
5087
6597
9278
9984
1141
3685
4130
2088
94
6559
3447
7322
742
2946
1164
7836
7937
5326
3311
4581
1465
3822
1684
2995
7368
828
1490
5278
3210
389
4572
4159
5157
2116
5788
5758
4067
9633
6892
5989
8463
7258
8123
1253
2701
1006
9857
8098
6518
8769
2267
4476
1674
307
7310
8426
9743
5942
9329
2079
5105
2383
1964
274
8294
8427
3711
8632
6295
5407
774
7532
9038
2308
653
7728
9557
8251
3155
3737
691
782
5164
4629
3598
5447
5130
3627
3978
4291
7828
7801
6378
7735
688
3777
9950
8531
9575
196
8274
2662
1873
9323
1365
5075
5582
3016
8709
9212
2953
6495
7478
54
3977
447
6853
93
368
2777
7302
7893
2072
4128
641
4307
4517
4084
6834
7913
3961
6698
5548
7989
9621
7836
290
6402
796
3319
8575
5026
8161
2647
2952
6655
9618
9401
2257
3013
9549
9546
9235
9768
7935
2661
4603
1704
5796
235
9781
8719
7831
207
2323
1913
9140
8595
8122
401
6212
1711
5980
458
2
5875
712
3201
1824
8697
6134
6495
9411
7441
3092
6572
7914
9169
4755
5255
7396
5130
9212
5544
346
7950
6209
1639
8309
7452
5592
2331
2374
4430
6691
1489
1084
7561
2288
3359
4637
2099
1636
384
5008
1843
155
1872
5494
6557
5309
4027
5926
7018
2236
7259
6389
9454
5718
1772
8890
7637
8767
664
7461
4883
1512
2176
6642
2068
1974
9730
924
1833
2045
6162
233
1504
1483
5647
6000
2484
5955
858
1404
5521
1946
8751
7781
4353
4258
1256
7002
738
616
184
7887
8954
5185
4973
1988
9292
6922
5096
3023
2856
3343
1870
8570
4902
4570
9560
9620
2675
2573
9870
9666
1440
4892
9162
9544
8934
966
179
5761
8709
891
6167
7675
8966
3653
4944
9163
4195
1078
3512
5071
7143
4445
5567
5336
2686
4409
1710
1553
7591
3724
4804
3983
3381
2175
2130
1392
9155
5295
8795
132
5739
2687
3486
8194
153
9325
2022
8651
4432
3450
539
7880
79
3264
150
4422
8131
1821
7001
9785
9571
2921
4881
9388
7558
2485
5451
1131
9920
6241
7091
1004
4971
2657
5461
7585
5720
2714
2695
7375
2532
4671
4825
1970
3202
5471
4925
5976
8674
2053
137
2256
1115
2949
6818
3601
3458
1105
466
157
1050
9152
922
6418
2992
3544
7914
5398
442
4239
7673
1374
342
3932
2236
5684
5242
1162
1980
3363
4178
9058
1823
8175
330
9886
3288
6941
2262
5885
107
855
2922
2134
422
3842
2880
157
3698
2991
7989
2623
4258
6614
6492
256
8361
7156
1975
1820
380
9959
6198
5184
3422
7264
1732
4507
8034
4359
7200
9012
377
9972
7522
6296
2608
879
4947
162
4022
3295
1761
8117
6932
7961
1397
8506
3817
214
1740
731
75
5192
6366
167
5014
1563
5748
4530
456
6164
3265
506
782
1917
7570
2461
3452
6915
8786
8272
9368
4953
6584
8521
898
7245
6471
3568
5266
9151
901
1376
5026
671
2305
8468
1111
9275
3185
2023
447
9700
1304
387
1544
9701
6615
2089
2934
6494
1040
6891
304
1082
403
4623
8213
8890
5309
1494
7678
2859
7404
9053
1612
7148
1828
7484
7181
5943
2761
4373
9797
5694
9586
9870
9749
7703
5732
2049
1838
2378
674
397
9926
880
838
9298
9959
65
8466
8309
2046
4979
8282
7217
4975
4451
954
8126
9384
7179
4244
9597
2673
9326
7068
3960
817
9638
5070
3897
2942
3696
9332
8445
3408
4904
1822
9331
8510
6506
7991
3316
1443
8411
1072
1334
5700
724
89
586
62
3965
8341
6314
642
2347
7054
806
2077
2068
4517
5735
2056
342
8234
1736
931
5028
6117
7936
1847
3972
9830
2114
6273
8615
1202
646
7401
6908
9394
9119
7649
9898
1645
7781
7257
7182
7298
7991
7487
1821
7857
5820
2423
4138
3910
54
399
1550
5051
2441
3602
8227
1238
2329
4238
9902
1714
9568
1137
7635
1744
8578
3040
1188
3401
8313
3177
249
15
8760
3340
8538
7827
3913
8835
336
1893
812
1574
7470
9480
9038
9781
2764
9907
5942
6319
553
6221
457
7238
3390
545
1442
6482
9746
2707
3469
7089
4491
361
512
5329
324
8291
4210
8657
1245
3523
3857
7185
4697
8648
3692
960
3765
7802
8127
9415
9857
8764
2150
2813
538
3403
4129
9120
9415
1759
8487
6830
8121
1558
286
640
1832
7901
8543
1953
4633
141
3748
9993
